570 127
1387 333
804 507
221 713
205 119
1022 293
439 499
1256 705
1241 79
658 285
75 459
59 665
876 72
293 246
1110 452
1095 658
512 32
1329 238
745 444
730 618
1397 34
814 240
231 414
1048 620
1033 26
450 200
1266 406
1251 580
668 786
85 192
902 366
887 572
304 778
1120 152
537 358
522 564
1339 739
756 145
741 351
158 525
828 271
813 445
230 651
1047 57
464 231
449 437
1266 643
682 17
667 223
84 429
901 603
318 9
303 183
1120 389
536 595
1353 769
1338 175
755 381
172 555
157 761
755 143
740 349
157 523
973 729
390 135
375 309
1192 515
609 721
26 95
11 301
827 507
244 681
229 87
1046 261
463 467
1280 673
1265 48
681 254
98 460
83 634
1104 712
521 119
506 325
1323 499
740 705
157 79
141 285
958 491
375 665
360 71
1177 277
594 451
11 657
1395 63
812 237
229 443
1046 617
1031 23
448 229
1265 403
374 695
359 69
1176 275
593 481
10 655
1394 61
811 267
228 441
1045 647
1030 21
447 228
1264 434
1248 608
665 14
82 220
899 394
884 600
301 6
1118 180
534 386
942 13
359 219
344 393
1161 599
577 5
562 179
1379 385
796 591
213 765
198 171
1015 377
431 551
1248 757
1233 163
650 337
67 543
52 717
869 123
285 329
1102 503
883 392
300 566
285 772
1101 178
518 352
1335 558
1320 764
737 138
154 344
971 518
955 724
372 130
1189 304
1174 510
591 716
8 90
825 296
809 502
226 677
1043 83
853 447
270 653
255 59
1072 233
489 439
1306 613
1290 19
707 225
124 399
941 605
926 11
343 185
1160 391
1144 597
561 771
1378 177
795 351
780 557
197 763
1014 137
342 215
1159 389
1143 595
560 769
1377 175
794 381
779 556
196 762
1013 168
429 342
414 548
1231 754
648 128
633 334
50 540
867 714
283 120
268 294
1085 500
502 706



















